2086
2087
2216
2501
2502
2916
2917
3346
3347
3734
3735
3895
3896
3897
3898
3899
3900
3901
3902
3903
3904
3905
3906
3907
3908
3909
3910
3911
3912
3913
3915
3916
3917
3918
3919
3920
3921
4162
4163
4605
4606
5207
5208
5593
5594
5879
5880
6294
6295
6724
6725
7153
7154
7568
7569
7984
7985
8413
8414
8842
8843
9257
9258
9687
9688
10102
10103
10531
10532
10961
10962
11390
11391
11805
11806
12221
12222
12650
12651
13065
13066
13480
13481
13910
13911
14325
14326
14625
14626
15169
15170
15599
15600
16014
16015
16472
16473
16887
16888
17302
17303
17732
17733
18147
18148
18562
18563
18977
18978
19406
19407
19821
19822
19907
19908
20237
20238
20666
20667
21081
21082
21511
21512
21954
21955
22384
22385
22799
22800
23214
23215
23629
23630
24044
24045
24474
24475
24889
24890
25318
25319
25733
25734
26163
26164
26563
26564
27022
27023
27437
27438
28052
28053
28295
28296
28711
28712
29212
29213
29555
29556
29970
29971
30385
30386
30815
30816
31216
31217
31659
31660
32074
32075
32518
32519
32948
32949
33363
33364
33778
33779
34207
34208
34637
34638
34651
34652
34665
34666
35052
35053
35467
35468
35882
36297
36298
36727
36728
37142
37143
37585
37586
38015
38016
38430
38431
38859
38860
39275
39276
39704
39705
40119
40120
40534
40535
40964
40965
41379
41380
41794
41795
42223
42224
42667
42668
43068
43069
43497
43498
43927
43928
44356
44357
44771
44772
45143
45144
45158
45159
45172
45173
45272
45273
45287
45288
45301
45302
45617
45618
46048
46049
46465
46466
46881
46882
47312
47313
47729
47730
48160
48161
48591
48592
49008
49009
49439
49440
49855
49856
50286
50287
50717
50718
51134
51135
51565
51566
51982 
51983  
52413  
52414  
52844  
52845   

